% latex table generated in R 4.1.2 by xtable 1.8-4 package
% Tue Jan  4 20:35:20 2022
\begin{table}[ht]
\centering
\begin{tabular}{rllllllllll}
  \hline
 & Mean & SD & 1. & 2. & 3. & 4. & 5. & 6. & 7. & 8. \\ 
  \hline
1. Financial strain & 0.31 & 1.07 &  1.00  &  0.02     &  0.29***  & -0.43***  & -0.05     &  0.02     &  0.10     & -0.19**   \\ 
  2. Problem-focused coping & 3.99 & 0.81 &  0.02     &  1.00  & -0.14*    &  0.22***  &  0.08     &  0.08     & -0.10     &  0.07     \\ 
  3. Quit intention & -1.56 & 1.72 &  0.29***  & -0.14*    &  1.00  & -0.46***  & -0.19**   & -0.13*    &  0.10     & -0.11     \\ 
  4. Life satisfaction & 4.24 & 1.33 & -0.43***  &  0.22***  & -0.46***  &  1.00  &  0.06     & -0.01     & -0.12     &  0.14*    \\ 
  5. Founding date & 13 & 12.87 & -0.05     &  0.08     & -0.19**   &  0.06     &  1.00  &  0.56***  &  0.20**   &  0.03     \\ 
  6. Age & 4.11 & 1.34 &  0.02     &  0.08     & -0.13*    & -0.01     &  0.56***  &  1.00  &  0.22***  & -0.05     \\ 
  7. Gender & 1.46 & 0.5 &  0.10     & -0.10     &  0.10     & -0.12     &  0.20**   &  0.22***  &  1.00  & -0.16*    \\ 
  8. Education & 4.61 & 1.45 & -0.19**   &  0.07     & -0.11     &  0.14*    &  0.03     & -0.05     & -0.16*    &  1.00  \\ 
  9. Country of origin & 20.04 & 10.6 &  0.07     &  0.04     &  0.11     & -0.14*    & -0.17**   & -0.12     & -0.14*    & -0.03     \\ 
   \hline
\end{tabular}
\end{table}
